# GIMP colorrc
# 
# This file holds a list of recently used colors.

(color-history
    (color-rgba 0.92156862745098034 0.62745098039215685 0.67450980392156867 1)
    (color-rgba 1 1 1 1)
    (color-rgba 0.65098039215686276 0.8901960784313725 0.63137254901960782 1)
    (color-rgba 0.70588235294117652 0.74509803921568629 0.99607843137254903 1)
    (color-rgba 0.094117647058823528 0.094117647058823528 0.14509803921568629 1)
    (color-rgba 0.11764705882352941 0.11764705882352941 0.1803921568627451 1)
    (color-rgba 0 0 0 1)
    (color-rgba 0 0 0 6.2831895447439962e-310)
    (color-rgba 0.53725490196078429 0.70588235294117652 0.98039215686274506 1)
    (color-rgba 0.18823529411764706 0.20392156862745098 0.27450980392156865 1)
    (color-rgba 0.93725490196078431 0.94509803921568625 0.96078431372549022 1)
    (color-rgba 0.14117647058823529 0.15294117647058825 0.22745098039215686 1)
    (color-rgba 0.53725490196078429 0.86274509803921573 0.92156862745098034 1)
    (color-rgba 0.95686274509803926 0.72156862745098038 0.89411764705882357 1)
    (color-rgba 0.10196078431372549 0.10588235294117647 0.14901960784313725 1)
    (color-rgba 0.27058823529411763 0.27843137254901962 0.35294117647058826 1)
    (color-rgba 1 1 1 6.1461083849348042e-310)
    (color-rgba 0.53725490196078429 0.70588235294117652 0.98039215686274506 6.2437083612153375e-310)
    (color-rgba 0.066666666666666666 0.066666666666666666 0.10588235294117647 1)
    (color-rgba 0.52156862745098043 0.75686274509803919 0.86274509803921573 1)
    (color-rgba 0.97647058823529409 0.88627450980392153 0.68627450980392157 1)
    (color-rgba 0.98039215686274506 0.70196078431372544 0.52941176470588236 1)
    (color-rgba 0.96078431372549022 0.8784313725490196 0.86274509803921573 1)
    (color-rgba 0.19215686274509805 0.19607843137254902 0.26666666666666666 1)
    (color-rgba 0.97254901960784312 0.92549019607843142 0.59607843137254901 1)
    (color-rgba 0.90588235294117647 0.90588235294117647 0.90588235294117647 6.0885710373966908e-310)
    (color-rgba 0.97254901960784312 0.92549019607843142 0.59607843137254901 6.4495669000130132e-310)
    (color-rgba 0.10196078431372549 0.10980392156862745 0.20000000000000001 1)
    (color-rgba 0.79607843137254897 0.65098039215686276 0.96862745098039216 1)
    (color-rgba 0.11372549019607843 0.11372549019607843 0.17254901960784313 1)
    (color-rgba 0 0.11372549019607843 0.14901960784313725 1)
    (color-rgba 0.52941176470588236 0.76470588235294112 0.52549019607843139 1)
    (color-rgba 0.17254901960784313 0.92156862745098034 0.92156862745098034 1)
    (color-rgba 0.90980392156862744 0.63137254901960782 0.086274509803921567 1)
    (color-rgba 0.9137254901960784 0.67450980392156867 0.20392156862745098 1)
    (color-rgba 0.098039215686274508 0.21176470588235294 0.25490196078431371 1)
    (color-rgba 0.74297166079387111 0.30127535019862012 0.88166422747229767 1)
    (color-rgba 0.27450980392156865 0.89411764705882357 0.6588235294117647 1)
    (color-rgba 0.44313725490196076 0.80000000000000004 0.85882352941176465 1)
    (color-rgba 0.74117647058823533 0.30196078431372547 0.88235294117647056 1)
    (color-rgba 0.44168236032642805 0.80027957365018321 0.86076585059635902 1)
    (color-rgba 0.14509803921568629 0.47058823529411764 0.52549019607843139 1)
    (color-rgba 0.17647058823529413 0.19607843137254902 0.27058823529411763 1)
    (color-rgba 0.17647058823529413 0.19607843137254902 0.27058823529411763 6.5899549717116877e-310)
    (color-rgba 0.17647058823529413 0.19215686274509805 0.26666666666666666 1)
    (color-rgba 0 0.66274509803921566 0.6470588235294118 1)
    (color-rgba 0.13725490196078433 0.15294117647058825 0.20784313725490197 1)
    (color-rgba 0.43529411764705883 0.74901960784313726 0.72549019607843135 1)
    (color-rgba 0.16078431372549021 0.17647058823529413 0.24313725490196078 1)
    (color-rgba 0.19215686274509805 0.49019607843137253 0.68627450980392157 1)
    (color-rgba 0.51372549019607838 0.63529411764705879 0.31372549019607843 1)
    (color-rgba 0.44313725490196076 0.65490196078431373 0.30980392156862746 1)
    (color-rgba 0.48627450980392156 0.64313725490196083 0.30980392156862746 1)
    (color-rgba 0.70588235294117652 0.53333333333333333 0.31372549019607843 1)
    (color-rgba 0.78431372549019607 0.46666666666666667 0.30980392156862746 1)
    (color-rgba 0.63137254901960782 0.58039215686274515 0.30980392156862746 1)
    (color-rgba 0.69019607843137254 0.54509803921568623 0.31372549019607843 1)
    (color-rgba 0.67843137254901964 0.55294117647058827 0.30980392156862746 1)
    (color-rgba 0.72156862745098038 0.52156862745098043 0.31372549019607843 1)
    (color-rgba 0.50588235294117645 0.48627450980392156 0.58823529411764708 1)
    (color-rgba 0.94117647058823528 0.3411764705882353 0.027450980392156862 1)
    (color-rgba 0.36862745098039218 0.71764705882352942 0.023529411764705882 1)
    (color-rgba 0.89803921568627454 0.75294117647058822 0.47843137254901963 1)
    (color-rgba 0.027450980392156862 0.63921568627450975 0.61176470588235299 1)
    (color-rgba 0.48627450980392156 0.51764705882352946 0.6588235294117647 1)
    (color-rgba 0.59607843137254901 0.76470588235294112 0.47450980392156861 1)
    (color-rgba 0.59607843137254901 0.76470588235294112 0.47450980392156861 4.7024370204923123e-310)
    (color-rgba 0.41960784313725491 0.73725490196078436 0.69019607843137254 1)
    (color-rgba 0.10980392156862745 0.55294117647058827 0.52941176470588236 1)
    (color-rgba 0.42352941176470588 0.46666666666666667 0.73333333333333328 1)
    (color-rgba 0.33333333333333331 0.71372549019607845 0.76078431372549016 1)
    (color-rgba 0.91764705882352937 0.45882352941176469 0.49411764705882355 1)
    (color-rgba 0 0.69411764705882351 0.62352941176470589 1)
    (color-rgba 0.12549019607843137 0.57647058823529407 0.81960784313725488 1)
    (color-rgba 0 0.8901960784313725 1 1)
    (color-rgba 0.91270327277675711 0.48223076738349963 0.45172484180444988 1)
    (color-rgba 0 0.89066339332381173 1 1)
    (color-rgba 0.77647058823529413 0.27843137254901962 0.24313725490196078 1)
    (color-rgba 0.9137254901960784 0.4823529411764706 0.45098039215686275 1)
    (color-rgba 0.61960784313725492 0.80784313725490198 0.41568627450980394 1)
    (color-rgba 0.090196078431372548 0.098039215686274508 0.14117647058823529 1)
    (color-rgba 0.098039215686274508 0.11372549019607843 0.20000000000000001 1)
    (color-rgba 0.070588235294117646 0.18431372549019609 0.21568627450980393 1)
    (color-rgba 0.78431372549019607 0.34901960784313724 0.32156862745098042 1)
    (color-rgba 0.78281281894264132 0.35087893087424799 0.32026944274341695 1)
    (color-rgba 0.10980392156862745 0.12156862745098039 0.17647058823529413 1)
    (color-rgba 0.20000000000000001 0.20000000000000001 0.20000000000000001 1)
    (color-rgba 0.090196078431372548 0.098039215686274508 0.14117647058823529 6.1759692479532778e-310)
    (color-rgba 0.82745098039215681 0.31764705882352939 0.9137254901960784 1)
    (color-rgba 0.61176470588235299 0.37254901960784315 1 1)
    (color-rgba 0.47843137254901963 0.63529411764705879 0.96862745098039216 1)
    (color-rgba 0.60392156862745094 0.84705882352941175 0.6470588235294118 1)
    (color-rgba 0 0.94901960784313721 1 1)
    (color-rgba 0 0.94949205256899027 1 1)
    (color-rgba 0.59999999999999998 0.59999999999999998 0.59999999999999998 1)
    (color-rgba 0.85490196078431369 0.85098039215686272 0.84313725490196079 1)
    (color-rgba 0.41176470588235292 0.41176470588235292 0.41176470588235292 1)
    (color-rgba 0.20000000000000001 0.20000000000000001 0.20000000000000001 6.3068371383731681e-310)
    (color-rgba 0.12156862745098039 0.12941176470588237 0.11764705882352941 1)
    (color-rgba 0.92941176470588238 0.52941176470588236 0.58823529411764708 1)
    (color-rgba 0.62745098039215685 0.96470588235294119 0.82745098039215681 1)
    (color-rgba 0.92549019607843142 0.82352941176470584 0.90980392156862744 1)
    (color-rgba 0.7686274509803922 0.7686274509803922 0.7686274509803922 1)
    (color-rgba 0.95294117647058818 0.62745098039215685 0.96470588235294119 1)
    (color-rgba 0.96078431372549022 0.66274509803921566 0.49803921568627452 1)
    (color-rgba 0.65098039215686276 0.85490196078431369 0.58431372549019611 1)
    (color-rgba 0.92941176470588238 0.82745098039215681 0.61960784313725492 1)
    (color-rgba 0.77647058823529413 0.62745098039215685 0.96470588235294119 1)
    (color-rgba 0.49019607843137253 0.7686274509803922 0.89411764705882357 1)
    (color-rgba 0.92549019607843142 0.82352941176470584 0.61960784313725492 1)
    (color-rgba 0.93333333333333335 0.83137254901960789 0.62352941176470589 1)
    (color-rgba 0.086274509803921567 0.098039215686274508 0.14117647058823529 1)
    (color-rgba 0.090196078431372548 0.098039215686274508 0.14509803921568629 1)
    (color-rgba 0.69411764705882351 0 0.099079725472933367 1)
    (color-rgba 0.28290779656376208 0.81586693134369226 0.76166769729827577 1)
    (color-rgba 0.89803921568627454 0.48627450980392156 0.27450980392156865 1)
    (color-rgba 0.72549019607843135 0.76078431372549016 0.26666666666666666 1)
    (color-rgba 0.039215686274509803 0.61176470588235299 0.96078431372549022 1)
    (color-rgba 0.6588235294117647 0.69803921568627447 0.25490196078431371 1))

# end of colorrc
